p16-s1-f21-n5 96776 615.479 544.403
p16-s1-f21-n10 96777 616.048 542.999
p16-s1-f21-n20 96778 616.618 535.224
p16-s1-f21-n40 96779 615.716 523.047
p16-s1-f21-n80 96780 616.428 494.835
p16-s1-f21-n160 96781 616.285 421.852
p16-s1-f21-n320 96782 616.380 287.687
p16-s3-f21-n5 96783 922.722 815.107
p16-s3-f21-n10 96784 922.013 811.304
p16-s3-f21-n20 96785 920.810 800.694
p16-s3-f21-n40 96786 921.659 783.443
p16-s3-f21-n80 96787 921.517 739.782
p16-s3-f21-n160 96788 921.659 630.318
p16-s3-f21-n320 96789 921.447 429.584
p16-s7-f21-n5 96790 1077.75 943.269
p16-s7-f21-n10 96791 1077.34 938.401
p16-s7-f21-n20 96792 1076.26 926.723
p16-s7-f21-n40 96793 1076.76 905.797
p16-s7-f21-n80 96794 1076.43 855.484
p16-s7-f21-n160 96795 1077.59 728.256
p16-s7-f21-n320 96862 1076.34 496.260
p16-s15-f21-n5 96863 1150.48 1016.33
p16-s15-f21-n10 96864 1150.75 1011.80
p16-s15-f21-n20 96865 1151.81 1000.73
p16-s15-f21-n40 96866 1150.31 976.880
p16-s15-f21-n80 96867 1150.57 922.679
p16-s15-f21-n160 96868 1150.75 781.616
p16-s15-f21-n320 96869 1149.51 531.689
p32-s1-f21-n5 99099 1228.60 1084.67
p32-s1-f21-n10 99104 1228.22 1081.01
p32-s1-f21-n20 99105 1225.30 1065.03
p32-s1-f21-n40 99106 1227.56 1042.01
p32-s1-f21-n80 99107 1227.84 988.814
p32-s1-f21-n160 99108 1227.37 852.288
p32-s1-f21-n320 99109 1227.75 595.814
p32-s3-f21-n5 99110 1838.94 1615.18
p32-s3-f21-n10 99111 1839.93 1609.77
p32-s3-f21-n20 99112 1838.80 1590.88
p32-s3-f21-n40 99113 1838.38 1553.90
p32-s3-f21-n80 99114 1838.94 1474.38
p32-s3-f21-n160 99115 1837.67 1268.83
p32-s3-f21-n320 99116 1839.08 887.902
p32-s7-f21-n5 99117 2137.57 1886.16
p32-s7-f21-n10 99118 2137.24 1878.44
p32-s7-f21-n20 99119 2133.33 1853.94
p32-s7-f21-n40 99120 2135.94 1816.29
p32-s7-f21-n80 99121 2136.10 1724.03
p32-s7-f21-n160 99122 2134.63 1479.99
p32-s7-f21-n320 100455 2136.92 1035.92
p32-s15-f21-n5 99125 2290.08 2021.15
p32-s15-f21-n10 99126 2290.95 2012.61
p32-s15-f21-n20 99127 2287.28 1986.49
p32-s15-f21-n40 99128 2289.55 1945.65
p32-s15-f21-n80 99129 2290.08 1846.95
p32-s15-f21-n160 99130 2290.25 1580.78
p32-s15-f21-n320 99131 2291.48 1103.59
p64-s1-f21-n5 96949 2452.48 2147.94
p64-s1-f21-n10 96950 2451.36 2139.47
p64-s1-f21-n20 96951 2446.30 2116.40
p64-s1-f21-n40 96952 2450.23 2060.66
p64-s1-f21-n80 96957 2450.04 1950.98
p64-s1-f21-n160 96958 2450.42 1660.78
p64-s1-f21-n320 96959 2450.60 1132.94
p64-s3-f21-n5 96960 3649.63 3217.81
p64-s3-f21-n10 96961 3652.41 3202.35
p64-s3-f21-n20 96962 3657.14 3174.81
p64-s3-f21-n40 96963 3654.36 3093.38
p64-s3-f21-n80 96964 3652.13 2922.55
p64-s3-f21-n160 96965 3654.36 2489.88
p64-s3-f21-n320 96966 3651.30 1698.45
p64-s7-f21-n5 96967 4256.61 3747.07
p64-s7-f21-n10 96968 4260.18 3731.84
p64-s7-f21-n20 96969 4256.61 3692.71
p64-s7-f21-n40 96970 4260.82 3605.69
p64-s7-f21-n80 96971 4261.15 3406.53
p64-s7-f21-n160 96972 4260.82 2895.55
p64-s7-f21-n320 96973 4257.58 1973.71
p64-s15-f21-n5 96974 4545.11 4001.07
p64-s15-f21-n10 96975 4548.21 3985.92
p64-s15-f21-n20 96976 4549.94 3945.81
p64-s15-f21-n40 96993 4548.90 3854.80
p64-s15-f21-n80 96994 4548.90 3642.77
p64-s15-f21-n160 96995 4549.94 3088.01
p64-s15-f21-n320 96996 4548.56 2105.34
p128-s1-f21-n5 96997 4856.58 4286.96
p128-s1-f21-n10 96998 4854.37 4261.84
p128-s1-f21-n20 96999 4864.33 4219.41
p128-s1-f21-n40 97000 4851.43 4116.81
p128-s1-f21-n80 97001 4857.69 3886.56
p128-s1-f21-n160 97002 4853.26 3318.99
p128-s1-f21-n320 97003 4858.42 2263.00
p128-s3-f21-n5 97004 7299.27 6365.20
p128-s3-f21-n10 97005 7297.05 6334.13
p128-s3-f21-n20 97006 7303.71 6269.59
p128-s3-f21-n40 97007 7300.94 6109.20
p128-s3-f21-n80 97008 7297.05 5781.04
p128-s3-f21-n160 97009 7301.49 4918.79
p128-s3-f21-n320 97010 7298.72 3355.00
p128-s7-f21-n5 97011 8473.94 7456.23
p128-s7-f21-n10 97012 8474.58 7409.86
p128-s7-f21-n20 97041 8480.99 7328.40
p128-s7-f21-n40 97042 8477.78 7164.79
p128-s7-f21-n80 97043 8475.86 6770.64
p128-s7-f21-n160 97044 8474.58 5755.69
p128-s7-f21-n320 97045 8470.73 3919.24
p128-s15-f21-n5 97046 9085.40 8012.82
p128-s15-f21-n10 97047 9084.03 7963.90
p128-s15-f21-n20 97048 9086.09 7872.98
p128-s15-f21-n40 97049 9086.78 7691.81
p128-s15-f21-n80 97050 9089.53 7271.41
p128-s15-f21-n160 97051 9086.78 6148.17
p128-s15-f21-n320 97052 9086.09 4180.46
p256-s1-f21-n5 99142 9678.64 8522.54
p256-s1-f21-n10 99143 9690.36 8499.90
p256-s1-f21-n20 99144 9661.11 8379.16
p256-s1-f21-n40 99145 9691.10 8236.28
p256-s1-f21-n80 99146 9688.90 7814.41
p256-s1-f21-n160 99147 9689.63 6715.28
p256-s1-f21-n320 99148 9680.10 4696.04
p256-s3-f21-n5 99149 14508.1 12771.9
p256-s3-f21-n10 99158 14499.3 12688.3
p256-s3-f21-n20 99159 14494.9 12577.8
p256-s3-f21-n40 99160 14500.4 12293.5
p256-s3-f21-n80 99161 14501.5 11637.1
p256-s3-f21-n160 99162 14493.8 10018.8
p256-s3-f21-n320 99163 14498.2 7018.31
p256-s7-f21-n5 99164 16834.5 14884.7
p256-s7-f21-n10 99165 16828.2 14804.0
p256-s7-f21-n20 99166 16828.2 14653.9
p256-s7-f21-n40 99167 16826.9 14283.9
p256-s7-f21-n80 99168 16823.1 13557.7
p256-s7-f21-n160 99169 16824.4 11655.1
p256-s7-f21-n320 99170 16830.7 8136.58
p256-s15-f21-n5 99171 18073.7 15943.7
p256-s15-f21-n10 99172 18079.1 15872.0
p256-s15-f21-n20 99173 18050.5 15681.1
p256-s15-f21-n40 99174 18073.7 15318.8
p256-s15-f21-n80 99175 18075.0 14530.5
p256-s15-f21-n160 99176 18073.7 12423.0
p256-s15-f21-n320 99177 18088.6 8661.45
p512-s1-f21-n5 99185 19300.4 16977.3
p512-s1-f21-n10 99186 19298.9 16910.0
p512-s1-f21-n20 99187 19249.6 16701.5
p512-s1-f21-n40 99188 19274.2 16343.2
p512-s1-f21-n80 99189 19291.6 15512.3
p512-s1-f21-n160 99190 19280.0 13333.3
p512-s1-f21-n320 99191 19275.7 9335.57
p512-s3-f21-n5 99192 28867.8 25354.9
p512-s3-f21-n10 99193 28867.8 25276.5
p512-s3-f21-n20 99194 28857.0 25026.1
p512-s3-f21-n40 99195 28872.2 24467.9
p512-s3-f21-n80 99196 28902.6 23219.3
p512-s3-f21-n160 99197 28876.5 19928.4
p512-s3-f21-n320 99198 28900.4 13945.9
p512-s7-f21-n5 99199 33580.7 29631.6
p512-s7-f21-n10 99200 33580.7 29444.6
p512-s7-f21-n20 99201 33535.4 29149.6
p512-s7-f21-n40 99202 33588.2 28527.8
p512-s7-f21-n80 99203 33605.9 27022.1
p512-s7-f21-n160 99204 33590.8 23193.2
p512-s7-f21-n320 99212 33595.8 16225.4
p512-s15-f21-n5 99213 36038.7 31767.0
p512-s15-f21-n10 99214 36044.2 31616.4
p512-s15-f21-n20 99215 36022.5 31276.5
p512-s15-f21-n40 99217 36030.6 30511.1
p512-s15-f21-n80 99218 36033.3 28961.0
p512-s15-f21-n160 99219 36044.2 24629.3
p512-s15-f21-n320 99220 36055.0 17168.6
