p16-s1-f21-n5 99240 612.698 540.687
p16-s1-f21-n10 99246 611.948 538.213
p16-s1-f21-n20 99247 613.638 532.588
p16-s1-f21-n40 99248 613.544 520.698
p16-s1-f21-n80 99249 612.229 493.066
p16-s1-f21-n160 99250 613.779 429.323
p16-s1-f21-n320 99251 612.370 298.051
p16-s3-f21-n5 99252 916.031 808.516
p16-s3-f21-n10 99253 916.380 806.668
p16-s3-f21-n20 99254 917.572 796.284
p16-s3-f21-n40 99255 917.572 779.727
p16-s3-f21-n80 99256 917.081 738.598
p16-s3-f21-n160 99257 916.310 641.643
p16-s3-f21-n320 99258 915.681 444.939
p16-s7-f21-n5 99260 1070.58 935.329
p16-s7-f21-n10 99261 1070.91 932.774
p16-s7-f21-n20 99262 1070.83 920.568
p16-s7-f21-n40 99263 1070.83 901.597
p16-s7-f21-n80 99264 1071.16 854.388
p16-s7-f21-n160 99265 1070.17 741.329
p16-s7-f21-n320 99280 1070.58 515.236
p16-s15-f21-n5 99281 1146.61 1010.58
p16-s15-f21-n10 99282 1146.53 1007.66
p16-s15-f21-n20 99283 1146.18 994.959
p16-s15-f21-n40 99284 1146.00 972.636
p16-s15-f21-n80 99285 1146.96 922.282
p16-s15-f21-n160 99286 1145.83 799.829
p16-s15-f21-n320 99287 1143.99 554.058
p32-s1-f21-n5 99288 1222.49 1078.53
p32-s1-f21-n10 99289 1221.19 1072.67
p32-s1-f21-n20 99290 1221.93 1060.45
p32-s1-f21-n40 99291 1222.31 1035.13
p32-s1-f21-n80 99292 1222.87 982.379
p32-s1-f21-n160 99293 1223.24 854.564
p32-s1-f21-n320 99294 1223.71 592.966
p32-s3-f21-n5 99295 1835.42 1608.79
p32-s3-f21-n10 99296 1834.86 1603.53
p32-s3-f21-n20 99297 1834.30 1583.74
p32-s3-f21-n40 99298 1833.74 1546.99
p32-s3-f21-n80 99299 1833.18 1465.38
p32-s3-f21-n160 99716 1833.88 1274.63
p32-s3-f21-n320 99717 1834.16 884.304
p32-s7-f21-n5 99718 2129.93 1876.17
p32-s7-f21-n10 99719 2130.09 1870.78
p32-s7-f21-n20 99720 2130.41 1847.21
p32-s7-f21-n40 99721 2130.74 1807.15
p32-s7-f21-n80 99722 2130.25 1712.22
p32-s7-f21-n160 99723 2130.57 1488.89
p32-s7-f21-n320 99724 2126.85 1032.45
p32-s15-f21-n5 99725 2281.72 2009.24
p32-s15-f21-n10 99726 2283.45 2004.68
p32-s15-f21-n20 99727 2283.97 1980.85
p32-s15-f21-n40 99728 2282.41 1933.61
p32-s15-f21-n80 99729 2279.64 1831.39
p32-s15-f21-n160 99730 2280.68 1592.02
p32-s15-f21-n320 99731 2283.63 1105.95
p64-s1-f21-n5 99732 2429.03 2126.95
p64-s1-f21-n10 99733 2429.40 2115.84
p64-s1-f21-n20 99734 2433.46 2097.95
p64-s1-f21-n40 99735 2429.58 2042.12
p64-s1-f21-n80 99832 2431.43 1939.75
p64-s1-f21-n160 99833 2430.50 1686.52
p64-s1-f21-n320 99834 2437.35 1173.58
p64-s3-f21-n5 99835 3632.51 3203.84
p64-s3-f21-n10 99836 3633.61 3181.76
p64-s3-f21-n20 99837 3629.76 3146.30
p64-s3-f21-n40 99838 3630.59 3071.02
p64-s3-f21-n80 99839 3636.36 2915.10
p64-s3-f21-n160 99840 3630.31 2537.80
p64-s3-f21-n320 99841 3625.10 1759.60
p64-s7-f21-n5 99842 4229.61 3721.42
p64-s7-f21-n10 99843 4228.01 3704.44
p64-s7-f21-n20 99844 4227.69 3663.48
p64-s7-f21-n40 99845 4228.33 3578.73
p64-s7-f21-n80 99846 4228.97 3394.14
p64-s7-f21-n160 99847 4226.73 2951.41
p64-s7-f21-n320 99848 4227.37 2051.13
p64-s15-f21-n5 99849 4518.07 3973.51
p64-s15-f21-n10 99850 4515.35 3958.31
p64-s15-f21-n20 99851 4517.05 3914.66
p64-s15-f21-n40 100211 4520.46 3829.46
p64-s15-f21-n80 100212 4518.41 3629.54
p64-s15-f21-n160 100213 4515.35 3154.08
p64-s15-f21-n320 100214 4517.73 2193.70
p128-s1-f21-n5 100215 4839.32 4274.36
p128-s1-f21-n10 100216 4842.98 4247.41
p128-s1-f21-n20 100217 4836.76 4198.65
p128-s1-f21-n40 100218 4838.22 4104.14
p128-s1-f21-n80 100219 4833.84 3890.34
p128-s1-f21-n160 100221 4836.76 3381.59
p128-s1-f21-n320 100223 4823.64 2345.18
p128-s3-f21-n5 100224 7254.04 6324.11
p128-s3-f21-n10 100225 7251.85 6297.97
p128-s3-f21-n20 100226 7256.78 6218.83
p128-s3-f21-n40 100227 7252.95 6080.57
p128-s3-f21-n80 100228 7256.78 5771.66
p128-s3-f21-n160 100229 7254.04 5011.75
p128-s3-f21-n320 100230 7251.30 3480.66
p128-s7-f21-n5 100231 8429.93 7418.69
p128-s7-f21-n10 100232 8424.85 7371.82
p128-s7-f21-n20 100254 8428.02 7289.77
p128-s7-f21-n40 100255 8431.20 7133.30
p128-s7-f21-n80 100256 8426.75 6759.61
p128-s7-f21-n160 100257 8426.75 5871.25
p128-s7-f21-n320 100258 8419.15 4080.59
p128-s15-f21-n5 100259 9032.74 7960.20
p128-s15-f21-n10 100260 9032.06 7911.39
p128-s15-f21-n20 100261 9031.38 7824.73
p128-s15-f21-n40 100262 9038.87 7661.86
p128-s15-f21-n80 100263 9033.42 7256.89
p128-s15-f21-n160 100264 9028.67 6305.50
p128-s15-f21-n320 100265 9034.10 4382.92
p256-s1-f21-n5 100266 9624.78 8466.17
p256-s1-f21-n10 100267 9606.00 8411.64
p256-s1-f21-n20 100268 9618.27 8320.33
p256-s1-f21-n40 100269 9625.51 8139.90
p256-s1-f21-n80 100270 9619.00 7726.67
p256-s1-f21-n160 100271 9604.56 6694.21
p256-s1-f21-n320 100272 9632.75 4664.89
p256-s3-f21-n5 100273 14409.0 12669.1
p256-s3-f21-n10 100303 14414.4 12610.0
p256-s3-f21-n20 100304 14420.9 12477.3
p256-s3-f21-n40 100305 14411.2 12201.3
p256-s3-f21-n80 100306 14415.5 11535.7
p256-s3-f21-n160 100307 14413.3 10032.4
p256-s3-f21-n320 100308 14423.1 6980.30
p256-s7-f21-n5 100309 16737.7 14765.0
p256-s7-f21-n10 100310 16732.7 14677.9
p256-s7-f21-n20 100311 16735.2 14559.6
p256-s7-f21-n40 100312 16735.2 14168.2
p256-s7-f21-n80 100313 16742.7 13444.6
p256-s7-f21-n160 100314 16752.7 11695.9
p256-s7-f21-n320 100315 16733.9 8118.29
p256-s15-f21-n5 100316 17952.0 15832.2
p256-s15-f21-n10 100317 17958.7 15746.0
p256-s15-f21-n20 100318 17956.0 15595.6
p256-s15-f21-n40 100319 17943.9 15195.6
p256-s15-f21-n80 100320 17972.1 14418.7
p256-s15-f21-n160 100321 17978.9 12562.2
p256-s15-f21-n320 100322 17985.6 8712.07
p512-s1-f21-n5 100352 19209.1 16871.0
p512-s1-f21-n10 100353 19193.3 16769.3
p512-s1-f21-n20 100354 19186.1 16596.4
p512-s1-f21-n40 100355 19207.7 16202.5
p512-s1-f21-n80 100356 19180.3 15342.2
p512-s1-f21-n160 100357 19197.6 13345.1
p512-s1-f21-n320 100358 19230.8 9268.31
p512-s3-f21-n5 100359 28811.5 25239.9
p512-s3-f21-n10 100360 28783.4 25098.0
p512-s3-f21-n20 100361 28777.0 24860.8
p512-s3-f21-n40 100362 28813.7 24305.3
p512-s3-f21-n80 100363 28809.4 23071.4
p512-s3-f21-n160 100365 28783.4 19976.1
p512-s3-f21-n320 100366 28811.5 13895.9
p512-s7-f21-n5 100367 33445.3 29442.7
p512-s7-f21-n10 100368 33475.3 29304.0
p512-s7-f21-n20 100369 33485.3 28970.5
p512-s7-f21-n40 100370 33462.8 28376.0
p512-s7-f21-n80 100371 33450.3 26828.0
p512-s7-f21-n160 100372 33472.8 23305.4
p512-s7-f21-n320 100409 33532.9 16210.7
p512-s15-f21-n5 100410 35955.1 31547.8
p512-s15-f21-n10 100411 35917.4 31370.5
p512-s15-f21-n20 100412 35890.5 31070.0
p512-s15-f21-n40 100413 35938.9 30347.1
p512-s15-f21-n80 100414 35933.5 28754.6
p512-s15-f21-n160 100415 35928.1 24968.8
p512-s15-f21-n320 100416 35955.1 17362.4
